-5.00     -0.1850     -0.1800     -0.2250     -0.5000     -1.0250     -1.8000
-4.66     -0.1983     -0.1919     -0.2324     -0.5000     -1.0176     -1.7852
-4.31     -0.2138     -0.2056     -0.2410     -0.5000     -1.0090     -1.7680
-3.97     -0.2320     -0.2217     -0.2511     -0.5000     -0.9989     -1.7478
-3.62     -0.2536     -0.2410     -0.2631     -0.5000     -0.9869     -1.7238
-3.28     -0.2797     -0.2642     -0.2776     -0.5000     -0.9724     -1.6947
-2.93     -0.3121     -0.2929     -0.2956     -0.5000     -0.9544     -1.6588
-2.59     -0.3530     -0.3293     -0.3183     -0.5000     -0.9317     -1.6133
-2.24     -0.4065     -0.3769     -0.3481     -0.5000     -0.9019     -1.5538
-1.90     -0.4795     -0.4418     -0.3886     -0.5000     -0.8614     -1.4727
-1.55     -0.5850     -0.5356     -0.4472     -0.5000     -0.8028     -1.3556
-1.21     -0.7507     -0.6829     -0.5393     -0.5000     -0.7107     -1.1714
-0.86     -1.0490     -0.9480     -0.7050     -0.5000     -0.5450     -0.8400
-0.52     -1.7450     -1.5667     -1.0917     -0.5000     -0.1583     -0.0667
-0.17     -5.2250     -4.6600     -3.0250     -0.5000      1.7750      3.8000
 0.17     -5.2250     -4.6600     -3.0250     -0.5000      1.7750      3.8000
 0.52     -1.7450     -1.5667     -1.0917     -0.5000     -0.1583     -0.0667
 0.86     -1.0490     -0.9480     -0.7050     -0.5000     -0.5450     -0.8400
 1.21     -0.7507     -0.6829     -0.5393     -0.5000     -0.7107     -1.1714
 1.55     -0.5850     -0.5356     -0.4472     -0.5000     -0.8028     -1.3556
 1.90     -0.4795     -0.4418     -0.3886     -0.5000     -0.8614     -1.4727
 2.24     -0.4065     -0.3769     -0.3481     -0.5000     -0.9019     -1.5538
 2.59     -0.3530     -0.3293     -0.3183     -0.5000     -0.9317     -1.6133
 2.93     -0.3121     -0.2929     -0.2956     -0.5000     -0.9544     -1.6588
 3.28     -0.2797     -0.2642     -0.2776     -0.5000     -0.9724     -1.6947
 3.62     -0.2536     -0.2410     -0.2631     -0.5000     -0.9869     -1.7238
 3.97     -0.2320     -0.2217     -0.2511     -0.5000     -0.9989     -1.7478
 4.31     -0.2138     -0.2056     -0.2410     -0.5000     -1.0090     -1.7680
 4.66     -0.1983     -0.1919     -0.2324     -0.5000     -1.0176     -1.7852
 5.00     -0.1850     -0.1800     -0.2250     -0.5000     -1.0250     -1.8000
